Sunrise & Sunset Results
MOSMAN   Lat=-33°13'00"  Long=+150°50'00"
TIMES OF SUNRISE AND SUNSET (for ideal horizon & meteorological conditions)
For the year 2009   Time zone: +10.00 hours
                    Make corrections for daylight saving time where necessary.
------------------------------------------------------------------------------
       JAN          FEB          MAR          APR          MAY          JUN   
    rise  set    rise  set    rise  set    rise  set    rise  set    rise  set
 1  0451 1909    0519 1901    0545 1833    0609 1753    0630 1717    0652 1657
 2  0452 1909    0520 1900    0546 1832    0609 1751    0631 1716    0652 1657
 3  0453 1910    0521 1859    0547 1831    0610 1750    0632 1715    0653 1657
 4  0453 1910    0522 1859    0547 1829    0611 1749    0632 1715    0653 1657
 5  0454 1910    0523 1858    0548 1828    0611 1747    0633 1714    0654 1657
 6  0455 1910    0524 1857    0549 1827    0612 1746    0634 1713    0654 1656
 7  0456 1910    0525 1856    0550 1826    0613 1745    0635 1712    0655 1656

 8  0457 1910    0526 1855    0551 1824    0614 1744    0635 1711    0655 1656
 9  0458 1910    0527 1855    0551 1823    0614 1742    0636 1710    0656 1656
10  0458 1910    0528 1854    0552 1822    0615 1741    0637 1709    0656 1656
11  0459 1910    0529 1853    0553 1820    0616 1740    0638 1709    0657 1656
12  0500 1910    0530 1852    0554 1819    0616 1739    0638 1708    0657 1656
13  0501 1909    0531 1851    0555 1818    0617 1737    0639 1707    0657 1656
14  0502 1909    0532 1850    0555 1817    0618 1736    0640 1706    0658 1656

15  0503 1909    0533 1849    0556 1815    0619 1735    0640 1706    0658 1656
16  0504 1909    0534 1848    0557 1814    0619 1734    0641 1705    0658 1656
17  0505 1909    0535 1847    0558 1813    0620 1733    0642 1704    0659 1656
18  0506 1908    0536 1846    0558 1811    0621 1731    0643 1704    0659 1656
19  0507 1908    0536 1845    0559 1810    0622 1730    0643 1703    0659 1657
20  0508 1908    0537 1844    0600 1809    0622 1729    0644 1702    0700 1657
21  0509 1907    0538 1842    0601 1807    0623 1728    0645 1702    0700 1657

22  0510 1907    0539 1841    0601 1806    0624 1727    0645 1701    0700 1657
23  0511 1906    0540 1840    0602 1805    0624 1726    0646 1701    0700 1657
24  0512 1906    0541 1839    0603 1803    0625 1725    0647 1700    0700 1658
25  0513 1905    0542 1838    0604 1802    0626 1724    0647 1700    0701 1658
26  0514 1905    0542 1837    0604 1801    0627 1722    0648 1659    0701 1658
27  0515 1904    0543 1836    0605 1759    0627 1721    0649 1659    0701 1659
28  0516 1904    0544 1834    0606 1758    0628 1720    0649 1659    0701 1659

29  0517 1903                 0606 1757    0629 1719    0650 1658    0701 1659
30  0518 1902                 0607 1755    0630 1718    0650 1658    0701 1700
31  0518 1902                 0608 1754                 0651 1658    

       JUL          AUG          SEP          OCT          NOV          DEC   
    rise  set    rise  set    rise  set    rise  set    rise  set    rise  set
 1  0701 1700    0648 1718    0615 1739    0534 1759    0457 1823    0440 1851
 2  0701 1701    0647 1719    0613 1740    0533 1800    0456 1824    0440 1852
 3  0701 1701    0646 1719    0612 1740    0531 1800    0456 1825    0440 1853
 4  0701 1701    0645 1720    0611 1741    0530 1801    0455 1826    0440 1853
 5  0701 1702    0645 1721    0609 1742    0529 1802    0454 1827    0440 1854
 6  0700 1702    0644 1722    0608 1742    0527 1802    0453 1828    0440 1855
 7  0700 1703    0643 1722    0607 1743    0526 1803    0452 1829    0440 1856

 8  0700 1703    0642 1723    0605 1744    0525 1804    0451 1830    0440 1857
 9  0700 1704    0641 1724    0604 1744    0524 1805    0451 1831    0440 1857
10  0700 1704    0640 1724    0603 1745    0522 1805    0450 1832    0441 1858
11  0659 1705    0639 1725    0601 1745    0521 1806    0449 1832    0441 1859
12  0659 1705    0638 1726    0600 1746    0520 1807    0448 1833    0441 1900
13  0659 1706    0637 1726    0559 1747    0518 1808    0448 1834    0441 1900
14  0658 1707    0636 1727    0557 1747    0517 1808    0447 1835    0441 1901

15  0658 1707    0635 1728    0556 1748    0516 1809    0446 1836    0442 1902
16  0658 1708    0634 1728    0555 1749    0515 1810    0446 1837    0442 1902
17  0657 1708    0633 1729    0553 1749    0514 1811    0445 1838    0442 1903
18  0657 1709    0631 1730    0552 1750    0512 1811    0445 1839    0443 1904
19  0656 1710    0630 1730    0550 1751    0511 1812    0444 1840    0443 1904
20  0656 1710    0629 1731    0549 1751    0510 1813    0444 1841    0444 1905
21  0655 1711    0628 1732    0548 1752    0509 1814    0443 1842    0444 1905

22  0655 1712    0627 1732    0546 1753    0508 1815    0443 1843    0445 1906
23  0654 1712    0626 1733    0545 1753    0507 1816    0442 1844    0445 1906
24  0654 1713    0625 1734    0544 1754    0506 1816    0442 1845    0446 1907
25  0653 1713    0623 1734    0542 1755    0504 1817    0442 1845    0446 1907
26  0652 1714    0622 1735    0541 1755    0503 1818    0442 1846    0447 1907
27  0652 1715    0621 1736    0540 1756    0502 1819    0441 1847    0447 1908
28  0651 1715    0620 1736    0538 1757    0501 1820    0441 1848    0448 1908

29  0650 1716    0618 1737    0537 1757    0500 1821    0441 1849    0449 1908
30  0649 1717    0617 1738    0535 1758    0459 1822    0441 1850    0449 1909
31  0649 1717    0616 1738                 0458 1822                 0450 1909



Computed using National Mapping Division's sunrisenset program, version 2.2
