BARREN GROUNDS   Lat=-3440'00"  Long=+15043'00"
TIMES OF SUNRISE AND SUNSET (for ideal horizon & meteorological conditions)
For the year 2008   Time zone: +10.00 hours
                    Make corrections for daylight saving time where necessary.
------------------------------------------------------------------------------
       JAN          FEB          MAR          APR          MAY          JUN   
    rise  set    rise  set    rise  set    rise  set    rise  set    rise  set
 1  0447 1913    0516 1905    0544 1834    0610 1752    0633 1715    0656 1654
 2  0448 1914    0517 1904    0545 1833    0611 1751    0634 1714    0656 1654
 3  0449 1914    0518 1903    0546 1832    0611 1750    0635 1713    0657 1654
 4  0449 1914    0520 1902    0547 1831    0612 1748    0636 1712    0657 1654
 5  0450 1914    0521 1902    0548 1829    0613 1747    0636 1711    0658 1653
 6  0451 1914    0522 1901    0549 1828    0614 1745    0637 1710    0658 1653
 7  0452 1914    0523 1900    0550 1827    0614 1744    0638 1710    0659 1653

 8  0453 1914    0524 1859    0551 1825    0615 1743    0639 1709    0659 1653
 9  0454 1914    0525 1858    0551 1824    0616 1741    0639 1708    0700 1653
10  0455 1914    0526 1857    0552 1823    0617 1740    0640 1707    0700 1653
11  0456 1914    0527 1856    0553 1821    0618 1739    0641 1706    0701 1653
12  0456 1914    0528 1855    0554 1820    0618 1738    0642 1705    0701 1653
13  0457 1914    0529 1854    0555 1819    0619 1736    0642 1705    0702 1653
14  0458 1913    0530 1853    0556 1817    0620 1735    0643 1704    0702 1653

15  0459 1913    0531 1852    0556 1816    0621 1734    0644 1703    0702 1653
16  0500 1913    0531 1851    0557 1814    0621 1732    0645 1702    0703 1653
17  0501 1913    0532 1850    0558 1813    0622 1731    0645 1702    0703 1653
18  0502 1912    0533 1849    0559 1812    0623 1730    0646 1701    0703 1653
19  0503 1912    0534 1848    0600 1810    0624 1729    0647 1700    0704 1653
20  0504 1912    0535 1847    0600 1809    0625 1728    0648 1700    0704 1654
21  0505 1911    0536 1845    0601 1807    0625 1726    0648 1659    0704 1654

22  0506 1911    0537 1844    0602 1806    0626 1725    0649 1659    0704 1654
23  0507 1910    0538 1843    0603 1805    0627 1724    0650 1658    0704 1654
24  0508 1910    0539 1842    0604 1803    0628 1723    0650 1658    0705 1655
25  0509 1909    0540 1841    0604 1802    0628 1722    0651 1657    0705 1655
26  0510 1909    0541 1839    0605 1801    0629 1721    0652 1657    0705 1655
27  0511 1908    0542 1838    0606 1759    0630 1720    0652 1656    0705 1655
28  0512 1907    0543 1837    0607 1758    0631 1719    0653 1656    0705 1656

29  0513 1907    0544 1836    0607 1756    0632 1717    0654 1655    0705 1656
30  0514 1906                 0608 1755    0632 1716    0654 1655    0705 1657
31  0515 1905                 0609 1754                 0655 1655    

       JUL          AUG          SEP          OCT          NOV          DEC   
    rise  set    rise  set    rise  set    rise  set    rise  set    rise  set
 1  0705 1657    0651 1716    0616 1738    0534 1800    0455 1826    0437 1855
 2  0705 1657    0650 1717    0615 1739    0532 1801    0454 1827    0437 1856
 3  0705 1658    0649 1717    0613 1740    0531 1802    0453 1828    0437 1857
 4  0705 1658    0648 1718    0612 1741    0530 1802    0452 1829    0437 1858
 5  0705 1659    0647 1719    0610 1741    0528 1803    0452 1830    0437 1859
 6  0704 1659    0646 1720    0609 1742    0527 1804    0451 1831    0437 1859
 7  0704 1700    0645 1720    0608 1743    0525 1805    0450 1832    0437 1900

 8  0704 1700    0644 1721    0606 1743    0524 1805    0449 1833    0437 1901
 9  0704 1701    0643 1722    0605 1744    0523 1806    0448 1834    0437 1902
10  0704 1701    0642 1723    0604 1745    0521 1807    0447 1835    0437 1903
11  0703 1702    0641 1723    0602 1745    0520 1808    0447 1836    0437 1903
12  0703 1703    0640 1724    0601 1746    0519 1809    0446 1837    0438 1904
13  0703 1703    0639 1725    0559 1747    0517 1809    0445 1838    0438 1905
14  0702 1704    0638 1726    0558 1748    0516 1810    0444 1839    0438 1906

15  0702 1704    0637 1726    0556 1748    0515 1811    0444 1840    0438 1906
16  0701 1705    0636 1727    0555 1749    0514 1812    0443 1841    0439 1907
17  0701 1706    0635 1728    0554 1750    0512 1813    0443 1842    0439 1907
18  0700 1706    0634 1728    0552 1750    0511 1814    0442 1843    0439 1908
19  0700 1707    0632 1729    0551 1751    0510 1815    0441 1844    0440 1909
20  0659 1708    0631 1730    0549 1752    0509 1815    0441 1845    0440 1909
21  0659 1708    0630 1731    0548 1753    0507 1816    0440 1846    0441 1910

22  0658 1709    0629 1731    0546 1753    0506 1817    0440 1847    0441 1910
23  0658 1710    0628 1732    0545 1754    0505 1818    0440 1848    0442 1911
24  0657 1710    0626 1733    0544 1755    0504 1819    0439 1849    0442 1911
25  0656 1711    0625 1733    0542 1756    0503 1820    0439 1850    0443 1911
26  0656 1712    0624 1734    0541 1756    0502 1821    0438 1851    0444 1912
27  0655 1712    0622 1735    0539 1757    0501 1822    0438 1851    0444 1912
28  0654 1713    0621 1736    0538 1758    0459 1823    0438 1852    0445 1913

29  0653 1714    0620 1736    0537 1759    0458 1823    0438 1853    0446 1913
30  0653 1715    0619 1737    0535 1759    0457 1824    0437 1854    0446 1913
31  0652 1715    0617 1738                 0456 1825                 0447 1913
